00000000///1
00000000
00000000
00000001
00000000///2
00000000
00000000
00000010
00000000///3
00000000
00000000
00000011
00000000///4
00000000
00000000
00000100
00000000///5
00000000
00000000
00000101
00000000///6
00000000
00000000
00000110
00000000///7
00000000
00000000
00000111
00000000///8
00000000
00000000
00001000
00000000///9
00000000
00000000
00001001
00000000///10
00000000
00000000
00001010
00000000///11
00000000
00000000
00001011
00000000///12
00000000
00000000
00001100
00000000///13
00000000
00000000
00001101
00000000///14
00000000
00000000
00001110
00000000///15
00000000
00000000
00001111
00000000///16
00000000
00000000
00010000
00000000///17
00000000
00000000
00010001
00000000///18
00000000
00000000
00010010
00000000///19
00000000
00000000
00010011
00000000///20
00000000
00000000
00010100
