00100100//
00000001
00000011
11101000
10001100//
00000101
00000011
11101000
10000000//
00000101
00110000
00100000
00100100//
00000010
00000000
00000000
00100100//
00000011
00000000
00010100
00010000///loop
01000011
00000000
00001000 ///address end_loop
10001100///
00100101
00000000
00000000
00000000///
11000101
00100000
00000000
00010000
10000000
00000000
00000010
00000000///
10100000
00110000
00100000
00000000///
01000000
00111000
00100000
00100100/// after if
00100001
00000000
00000100
00100100///
01000010
00000000
00000001
00001000
00000000
00000000
00000110///address loop
10101100///  end_loop
00000110
00000111
11010000
10101100///
00000111
00000111
11010010